#!/bin/sh
#Genereated with calculatorsoup.com
#Need to source to be able to use $ARGxxx

export ARG10="-2061 -3820 -1001 737 -1094 3272 978 -3306 -4987 3867"

export ARG11="4085 -4996 2108 -802 469 -1693 -2738 -3514 13 -4440"

export ARG12="809 104 -3859 -2433 4511 2703 3789 3320 -4686 380"

export ARG13="816 2915 -3794 -2826 -2723 -312 -2658 171 4370 1066"

export ARG14="3304 3857 -1724 420 -4973 -4537 1752 -4 -914 4195"

export ARG15="-1672 1490 757 4767 -2065 4163 1092 -3818 -3618 3908"

export ARG16="2746 -2349 -1636 -3375 -224 -4343 4362 -309 -2203 2177"

export ARG17="4678 -2675 2600 1419 -87 -2661 3167 -4014 4454 -2040"

export ARG18="-3291 2240 -2869 -1738 276 -4556 -388 -3762 -1455 2368"

export ARG19="3875 -3615 -4482 -1229 -1309 -3462 -3018 1043 -4634 -4507"

export ARG20="77 3286 3754 -472 -2973 4097 3159 2744 -4454 3026"

export ARG101="462 -1647 -4008 1334 1814 23 2323 534 2891 -314 2617 -4518 -2926 845 60 3801 1405 -259 1296 3921 2621 390 -3852 3252 -1616 -2485 -2437 2137 -2122 2050 -1753 1970 -4981 -3658 -3997 -2900 2572 1379 4240 -2116 -3809 4927 -3586 1254 -2502 -1578 -3405 2685 2554 -2570 -3253 -3397 -2399 3350 1424 4517 2537 -1794 4387 1532 4848 -2507 -4854 4194 -4061 1481 4249 1845 -2912 877 -2684 58 560 4694 -381 4664 3885 -1701 -3836 -600 -1851 -1453 -4534 720 4857 1531 2831 917 -3983 752 1331 -3413 -1349 -784 4932 -2955 357 1614 -2633 191"

export ARG102="-3499 -342 2142 3226 2168 -871 1862 -1404 -774 -2032 804 -2284 -3799 -4068 1990 -4611 -2515 1611 4945 -3396 4221 3035 478 3764 -892 -1054 -611 1011 -4991 -4387 -598 247 2111 4935 -894 -4163 2328 1256 -4941 2993 2162 982 -2920 233 -4125 4220 -3733 1363 4828 1284 1957 -2983 -2723 4871 -2704 -4834 -3646 -2786 3755 -4813 3821 -680 -3991 -2941 -3709 3277 522 -4448 3648 -578 -2236 -4127 -4659 -465 4211 -3866 877 -1018 -1589 -3208 4238 -2355 705 -2845 1619 -1844 3027 30 2830 -873 2908 4307 4894 3473 -2904 3446 -1390 3274 -160 -3144"

export ARG103="-3336 2815 -4418 841 3616 -939 -1138 3171 -3453 -2709 -3376 2073 -3726 -84 2166 -1458 -2654 -3914 212 -4966 -2804 273 4600 -4123 -10 3904 -4614 -3027 8 -2214 3995 4517 2282 -2399 750 1212 775 -3758 4522 -635 1654 4101 3154 -1677 -4079 168 1665 -4729 3872 -3755 -963 -4953 -3831 418 -3953 -102 4950 2820 -3700 -2873 3651 4064 -4104 -2208 -1711 503 -1194 1169 -4830 -3106 1368 -2204 3971 -3673 3412 2183 -2126 2829 -1137 -2884 -2696 2525 1978 3707 -4702 4015 1270 2878 -1397 -497 -4935 -4096 -822 2616 1560 310 -1663 -1837 -827 -3294"

export ARG104="1336 1135 4079 -717 -3465 2255 -3993 549 -1765 2715 -4083 -972 2959 3713 -4222 3428 3251 3427 3396 2322 -4567 -4159 2886 -3897 2774 4592 -2256 -4488 3465 3791 -340 -4224 1427 2748 -4825 3194 -2476 4863 -4030 -950 -441 1211 3025 -4220 -4472 -88 -1925 -2966 503 1475 3737 -4418 1321 -1258 1105 -2432 -3182 3456 2162 -4849 3646 -374 2968 3738 -4809 -936 -4258 -2073 -3518 -884 3011 -3789 2700 -3932 -1560 242 2670 2642 4752 3840 -3650 -3016 580 812 2586 -2751 -3550 3680 2445 3606 2430 -2585 -3162 438 1182 2028 2041 389 1013 -1863"

export ARG105="3198 4259 1175 300 -2055 1676 2800 -1538 1072 1670 -1993 755 -2063 2812 3463 -3395 3965 111 4368 3192 3498 1725 -2426 4931 3895 -4798 -494 4223 -4052 -2267 4301 -2894 4906 -1569 2366 -203 -1281 3083 4394 -1205 4896 4926 70 2263 -958 1289 -1697 3554 1196 -1940 4202 -3492 648 -492 -2226 730 2901 1870 4431 1451 4426 -1609 -4867 2660 2629 -1260 453 1219 4057 2834 435 -910 3410 -2902 -1912 -1342 1645 3952 1383 4022 3963 3104 -3505 -3962 2009 -2157 4181 -68 1032 3973 -3582 1096 -3975 -1649 2754 2251 -3805 -676 764 -3423"

export ARG106="-1251 -1453 1938 3963 -263 690 1606 -2912 3637 -1160 -4312 -2739 2893 -4596 -3160 4636 2455 1172 3250 -232 -4254 3858 -256 688 4577 2308 -2007 4666 376 -1045 -838 -2974 -2114 -337 -4570 4468 -1335 -2595 1983 -2292 3340 4535 -408 -751 -2638 -2896 2487 189 4304 -586 3762 -3007 525 -812 2771 1480 1138 4479 -3579 1143 -2098 -98 1367 27 781 4305 -4840 813 414 1253 -3196 2601 568 2903 -3138 -1509 -4347 3671 -720 1391 551 -905 4088 3154 4302 -2482 -1593 -1470 -4027 -2131 3141 -3168 3590 -322 3779 2589 -3726 1279 -4299 -925"

export ARG107="100 -4570 183 3718 -4708 4834 2105 -3838 97 -4946 -182 4641 2985 -2928 -3438 442 2763 -3998 -1848 -1555 -4306 -2639 3407 1704 -3373 -751 -2053 4549 -4893 -2593 2188 2767 3033 -2209 4422 -1834 -4208 -2748 -3015 -2354 -2931 945 89 -3896 -1937 4303 3601 -3642 2519 4579 -2668 199 -4225 -275 3500 2365 2437 -3701 852 -3319 -650 1317 -3609 -85 -3419 3899 -3227 1286 -4428 -2879 4707 4200 1518 129 -4411 2690 4040 1288 -3514 -2286 1622 2594 196 -1493 31 -827 3922 4396 3662 3425 4477 2808 2308 5 -194 -664 -883 3985 -856 -422"

export ARG108="-4357 -711 820 4718 4473 -2071 -420 -3707 -1346 4605 -3775 2880 4279 -713 4126 4494 -3603 323 3726 514 483 -3950 -3228 -1669 4227 4706 -3854 2117 3008 -1204 -469 2416 1214 -2196 3831 -4655 4958 476 3030 -3474 3568 -1035 731 1515 592 1467 -2743 -1280 -646 -2939 2559 -2812 4239 -1883 1921 -719 3957 -1342 -799 -700 -1919 4518 -4367 1890 -1262 -863 -3336 1486 -3234 -3817 -4676 -2773 -3776 2523 -3837 4343 3298 -3316 -2044 379 -2777 -248 3664 -2395 4386 -879 2380 1759 2093 -4031 -3975 4823 -424 -2889 -1331 4541 -344 -2152 428 3845"

export ARG109="4827 -3989 3654 4536 1569 -1088 1761 2690 -1832 -4457 -4721 -1845 1876 -1458 -1219 4353 4754 2903 1457 773 -4540 2885 1215 -535 -1283 2155 27 -3018 -2563 -2426 -433 -4297 793 321 -335 93 -4805 -1603 4658 -4962 40 -3216 1261 -453 -4444 -2608 964 3430 3562 2669 1495 2809 2700 1406 -1984 -1644 -3097 -3424 -3803 1246 -81 -1196 1185 1676 451 213 3996 3238 -4017 843 2937 2547 -1236 -2637 -387 89 2784 1342 2805 -3945 4263 -3155 -718 1292 965 4530 3433 3087 -1812 -1663 2391 1419 2732 4093 1526 -1113 2336 3837 2410 3079"

export ARG110="351 4743 -4795 -396 1916 3780 -4274 3374 482 2622 1156 -4692 3804 -3665 -2530 -3140 -1000 694 -3098 -3048 2823 -1190 4526 -3535 2341 1871 4287 218 -1763 2471 561 2888 -184 -4021 -1837 1152 -1543 -4698 -2666 2815 -1110 -2369 3852 -3236 993 2730 2024 3474 553 -2420 893 4380 -2991 -3605 3350 -3136 1255 2637 3094 -4874 1444 2918 -1020 2342 235 -122 3333 462 2718 -3857 -3530 -3201 3533 461 3610 3484 4677 -4743 1431 4589 3528 3274 4983 -813 3007 -685 -4918 228 -1248 -1498 -797 -4276 2917 4186 -1736 1972 -1839 -2009 -16 -896"

export ARG501="-4917 1836 -3080 740 4322 -1679 2307 2257 -2633 -1050 -1031 2279 4244 -2392 2801 -2690 1778 4509 -2976 -2077 -956 -2846 -1742 -4764 960 3836 -4500 -2472 -4262 -1839 -2089 -281 1253 -1384 -2587 -4314 -4831 3256 -4573 -677 2716 -3664 2105 108 -1579 -3746 3335 -4027 1634 -1595 -1932 -3096 4150 4424 979 2172 3528 3362 -807 1278 3269 2086 -2011 -3054 -2459 630 -2909 2016 -1563 -1888 -99 1376 4834 -2710 2905 -2514 4408 1765 -4125 -4059 3542 -1131 4302 -1141 -2843 -1006 -311 3237 -2818 -2435 1504 1382 637 -1443 -1097 1771 -213 3958 -320 -4338 -803 -2322 794 2941 -925 2563 990 946 3687 3466 -3672 355 1856 2808 3744 413 -1814 -2692 -1441 -464 -4665 2979 700 4138 483 -1577 -4560 -3850 1498 -511 -2531 -3861 -899 -449 -3296 -1496 -195 2265 323 672 1417 -298 -4934 -2102 163 769 4367 2365 4472 3709 3951 -1749 3671 209 1348 -2557 2302 3360 1128 -1972 3581 2958 -1809 -4026 -4264 -4379 2102 -2221 4669 -3103 4314 -161 453 4019 -4896 752 3009 4427 -2625 526 2486 1485 2758 -1846 -3545 -4788 1873 -3932 2469 -1966 -4724 338 2690 1168 -478 2604 3602 918 -2565 -2038 587 428 3511 4566 -93 -1884 275 3041 299 4004 -4178 -4872 1093 3068 -4712 3692 -26 -738 -3136 784 2069 3032 4036 -525 4902 4261 -4747 -1199 2756 1167 1367 -1133 2956 807 4917 4822 4871 1268 1892 -4422 4488 -3336 4182 -2658 -965 3472 -4947 230 -4322 -1813 4731 3038 1723 -2179 4888 -3562 703 3091 4096 3527 -4160 -3787 -3165 716 3956 -544 -828 -1939 454 -4313 -1629 2967 2176 -4416 -3540 -1052 3582 4493 -4115 -666 -101 3701 1062 1830 392 787 -2840 -1752 2079 -779 -1801 956 -3913 2725 2839 -581 -2403 -3605 -3759 -1194 -444 -3320 2455 4728 -4932 4657 2386 -2981 -3923 -2083 4646 -3815 -3386 1594 -1232 -2691 621 -2244 1872 -2426 -1081 -2366 348 4423 2860 1759 2111 -102 2924 1826 -3085 138 -2283 -3999 1123 -6 -3775 -2053 3252 3025 -4600 -1917 490 -445 -1906 -1828 -456 2134 -1722 2872 111 3247 -2016 -3099 2951 3348 -1421 -755 -1540 2790 1477 -2191 1950 1336 -408 -2228 -2460 -2512 4577 3594 2229 2087 4443 2021 1384 -4312 3970 -4123 -2861 -2066 -2773 -1119 4624 -1020 2876 -1132 -1522 -4033 1319 3374 -4654 1855 -3918 4057 -497 -2652 210 1127 3503 1329 -97 -1316 3196 -566 2946 1085 -4181 -2739 2949 -4336 2256 1213 -2636 2027 -1781 -2315 3098 -403 2346 -3808 -4437 1696 -1040 -913 925 -2758 4272 3365 -2050 -994 2598 -3430 -1288 -3498 -2358 4305 -3939 -1951 2886 -3631 -1095 -3095 -3953 764 -4036 3458 3044 -832 -3821 -1080 -833 -3751 -1646 3277 -3004 -1029 4233 1710 -683 -4517 4077 890 -999 -3725 -184 2424 4763 -409 4626 4112 2228 762 -2248 -106 -487 560 3123 -4391 -2593 2940 -2190 -1338 4049 -2329 -1822 736 -4738 -4038 -1566 1967 3244 -1275 257 4935 3117 -4642 3473 1317 2636 -4645"

export ARG502="2265 -2904 225 752 2463 1104 -4807 3553 -3101 -1547 -637 -3926 -2359 4995 -814 3996 3105 749 -790 4988 -2199 4030 -83 4434 3187 666 -3468 -4884 -1089 -1630 409 -4649 -4828 -4136 3607 -2981 -2196 -847 -4322 -4773 4274 4750 4996 -3741 -4929 2705 3120 -4392 1593 -952 544 -3347 -3985 -4645 2389 -546 -2470 -3611 4487 -3346 -1324 4031 -2153 -3710 -4327 4652 -4553 -3987 2315 1179 -3769 1020 -2939 -2706 871 4767 959 1493 -571 -226 -3216 -2110 568 -2625 -4506 2459 1341 1568 2960 447 233 -1836 4779 -1340 1876 -2019 -1857 2206 -2189 2157 -3908 4340 -3580 -3493 -3854 -776 1214 2148 -2197 -4605 1800 561 -2201 3898 358 -865 -2830 -4538 1088 -4988 -4383 2787 -4914 -3384 -1221 1029 4010 -2376 4764 4868 2063 -4084 3826 286 -225 396 -287 -2159 -3455 -356 -3337 3714 4351 -4329 -1134 821 -4624 -3257 892 2737 2660 3014 4271 3509 -3688 -946 -4878 1413 -4152 -2025 3545 1806 -458 -2179 -827 -864 2418 481 2547 -2695 4636 -4117 810 2220 4645 889 -241 -1179 563 2111 1330 49 -4444 -878 2015 4536 -817 -1095 -4280 3536 -4256 3864 3374 -4642 -4709 4192 -993 3518 -551 1173 -2369 -73 1391 -386 -544 -3569 3302 -4512 961 2006 3168 -1201 1502 3817 443 4455 977 748 -4317 -4316 -3643 -2224 -4185 -2357 2741 3732 -3224 1717 4025 -3886 790 3960 -1431 -476 293 -4692 2087 4459 2434 658 -4513 -4985 1933 -4089 -1464 -2009 101 1715 1430 4286 783 -1496 1536 2263 1463 -1812 2544 669 3141 -118 -1313 3583 3869 2767 -3599 1457 878 -1338 2289 263 3111 1771 -1342 -2412 -3254 -3482 4327 875 2546 3557 4217 -4800 4052 4367 -915 -4693 1429 2776 3931 566 -978 -4248 165 2438 3325 2953 -266 -924 -1702 4298 -2756 2462 127 -3612 3332 -2549 2309 2788 1246 941 3713 -1062 4511 -3148 -3977 -3137 -88 -2651 -4422 -632 -2488 590 -4142 -4689 -926 -4819 -2925 2639 389 -2002 -4814 2110 -4837 -2839 2990 2944 -2506 2489 -4112 110 -2709 2722 1431 2432 -1830 4808 -4724 -3417 4690 -2304 -2720 -3863 4919 -3235 -3669 -3554 4942 4833 2100 -973 -3568 -1824 -4612 3236 2156 3352 397 -1583 1716 -4226 1086 2795 1921 807 1002 1384 3021 -1336 -1952 -1834 -4202 -2320 -1790 -4238 -4024 -4549 -3332 -4694 -892 174 4689 1871 -3845 -627 -4849 2836 -4410 -71 3083 1069 -2787 -828 -836 -3157 3368 -4413 1386 -4445 2668 3891 -4003 4415 96 4622 -1378 2707 1182 1108 4875 3943 -4793 1702 1490 1174 217 2125 4170 -3106 3067 -1904 -3719 4234 -234 3999 -807 4452 -339 -1697 -3345 1748 4338 -4547 1943 1861 1600 -3555 -2863 626 -2097 -243 1860 -4449 -472 555 1296 -1343 1131 4050 -4535 -16 299 1150 -1416 -392 3227 3402 -945 -246 -1171 -2337 2529 -4993 -332 4296 -2258 -777 2522 -2774 -4628 -2661 -1468 3276 -1965 4809 -1801 4719 -62 2067 4107 1455 -150 659 -4672 -3112 -451 -4354 92 342 594 2884"

export ARG503="-9 3690 4933 413 -1422 -4154 2244 31 -618 -4536 3509 -4980 -2202 420 -3023 -653 3451 -3525 -2429 -367 4463 4859 -2755 4222 -3237 -489 -1031 -4897 -220 -3873 -895 367 147 -419 2730 -203 4585 -4028 3946 -4787 -4143 -2462 -1764 1542 -667 -1400 1156 817 2671 2981 4406 -286 2265 60 1691 3889 -4556 1040 -169 1568 2204 3753 3641 -1165 885 -2926 228 -216 3479 -2826 -540 -2282 -3668 -4801 -1426 -3602 -1558 -1581 2464 4478 491 -1248 3954 2258 3108 -23 -3563 -4065 -2204 927 -1450 1665 -1443 4350 -3958 -1961 -4110 -3340 -3511 -3824 -2106 -1966 2842 -35 2317 1246 588 -3564 -1303 4360 4883 200 3397 2618 -4802 8 -3188 -3294 2268 54 3996 -2578 2402 2127 -4013 -1692 2698 3269 -58 2074 3313 -1387 1333 -648 3603 -1575 1427 3153 -437 -3590 -1346 -766 56 -381 -2862 -2527 4353 4242 2538 -3848 4529 2397 -1237 1399 2748 -2574 -2632 2695 4854 -1045 2412 -1257 4677 -3845 -4181 -3885 618 14 -3478 1651 -1225 -4227 -3990 -2522 997 297 2886 -456 305 -4843 -2586 -4087 2480 -3350 1822 -320 2110 3893 2154 4528 -814 -3075 -1016 -3985 -845 -3770 818 -3208 -1221 933 655 1520 2283 -624 4997 -3129 -1873 4826 1057 2982 -4290 -104 -858 -2063 -3739 340 -3869 405 -4732 -4898 -3411 1261 -2655 -494 -4589 3631 -2508 44 -1231 -3458 -745 -411 -795 1241 2095 4556 2521 -2423 -2164 -2136 3853 1879 2057 -1034 2220 306 936 -1951 -824 4707 3799 -4571 3729 2881 -3067 -3047 -3268 -3820 2980 2140 -1458 914 -2184 -326 -3507 -2502 4894 3801 -801 1791 973 1761 -4215 -4726 -3418 2924 -4972 -4663 3964 3898 -720 661 -2344 -3614 1343 -2751 -1600 -2887 -2182 3715 4446 2931 -3567 1458 3743 -2446 -4046 2984 3256 -3806 4580 4334 1730 2201 3388 1930 -4581 -4640 1048 -3913 1119 229 2525 -1683 -4858 -83 4072 3045 2840 2039 4163 -4916 2000 -1727 1027 -3363 -1735 4005 293 4327 -3925 3661 -1342 1629 3767 -2876 3927 4516 1904 3741 -931 -4552 2259 -4580 1681 539 -41 -698 4691 869 -4879 3752 -2842 2027 1537 -2109 -4137 4839 -1464 -1584 3170 1122 -414 4635 -3871 -2645 918 -2254 -2266 -1885 458 -3262 414 937 2777 705 2468 -663 -2449 -2536 2936 -3650 4223 -818 -1275 1575 -1319 -2409 1320 -1901 621 1465 -515 -3172 1298 251 4140 4660 2856 -3400 -2221 1126 -3336 -2878 1059 1222 -2038 2168 2888 1020 -3309 398 -2045 -4588 4886 3934 -1833 -195 1652 -1974 2911 -3146 -4245 135 1558 796 2143 2147 -561 972 -4791 1614 3469 -942 -2955 294 3142 3657 152 1414 -3064 -3270 2004 4402 1881 -3765 -4706 -1468 1713 2956 -4716 836 -4361 4532 4584 2368 -3124 -568 3824 93 3584 -4661 4077 4229 475 10 -4094 2378 4289 3201 -2175 481 -1070 -2744 2100 -3496 -553 2880 -2822 3710 4022 878 -3406 -4192 -4080 -2631 4506 -1066 3770 -3569 -1525 4901 -2044 -2983 2148 1515 -954 -1403 1408 -3816"

export ARG504="2540 -2731 -3776 4539 -1606 -1082 -1279 -977 -2373 -3792 -279 -3014 -3576 -2394 -249 565 -283 -3533 1861 -2347 1270 3203 1879 4001 1996 -1712 -2975 2395 -2913 1688 -612 4068 -3075 -3796 -3342 4048 2241 94 -2319 1725 63 2811 4981 -2719 -4508 4855 4719 2483 89 2883 -1101 2673 3145 -3288 1545 3960 -3089 4219 -3183 -1641 -1601 -3742 4741 -4061 201 -521 1107 -4749 4757 983 -2405 -2900 -3047 -2216 3257 1775 -2730 -4576 3609 832 1416 2053 -1133 4365 4198 3297 -2868 609 -2820 3263 -2829 540 2794 -4319 118 -4099 -3635 -4975 2761 1083 2163 977 -154 -390 -366 498 854 3151 -3503 -2923 -3304 426 -3511 2844 4157 1452 -1794 2790 1242 3170 -4876 4127 3647 -2926 -4485 1883 -4257 937 -3774 2187 -4853 3805 2240 709 -1384 -4507 4259 -2749 2245 -286 -2325 -1883 4655 -2652 -4703 -3980 -2482 4590 1595 -4323 -3217 -1720 1654 4066 -4860 -61 -1377 -4973 -3120 4420 -620 -1317 -4793 -1636 -1176 -2706 3934 3147 -1228 2708 -2508 -2866 3550 951 -421 3711 -1779 -2518 2301 -4360 -1156 1389 2878 -1592 -1500 -3669 -3899 -2280 939 -3891 166 4809 4508 2412 -4970 1451 -981 2229 3041 3949 1251 -166 2167 4558 3028 3286 1680 -2854 -10 -3714 -1913 -1996 1752 -4939 -1373 2231 -53 -505 -1884 4566 -4109 4888 -1269 -3737 2195 554 -2903 2904 1547 1024 1731 -4501 3543 1666 -3005 3258 -408 2022 2581 -3584 2771 2219 -348 757 -3902 -2015 671 -1950 -4403 955 -3471 4204 3702 -994 -4492 -1888 -3559 4448 -1690 1013 -1904 566 -3646 -443 3556 1065 -1161 4163 -3871 -4480 -863 -4758 -2920 4674 2670 4560 -2895 2926 2748 190 -901 4598 -4624 -2098 4097 550 -3231 -3059 3018 1860 -600 3378 -926 4094 2118 -757 -3407 -231 -1828 535 -2610 96 1414 2948 3917 1603 -1600 -3056 -3112 -3242 4955 478 -326 -45 3684 -1809 -1876 2344 -2793 -2238 -2624 -2318 -747 4704 -4906 -1485 -2535 877 -2257 1196 2611 3166 -19 4769 1809 1424 -3055 1636 2830 -3262 4944 -2929 158 -1818 851 4393 -3725 1662 2664 335 -3197 3537 745 -4042 2134 4058 2607 3408 159 4487 1638 -2828 1787 2840 1187 2765 -1589 2271 3491 3905 -1622 -4985 -1816 2172 -1259 -3312 -1553 -2368 -3927 2364 -1452 -264 -321 3676 -1092 3982 -697 2689 -285 3460 1966 2433 -4375 -3441 -177 2783 3169 -1449 235 2007 -2102 -133 3876 -2746 1446 -2222 -1399 1289 1899 -1154 719 1853 -3425 -4788 2590 -4447 -4315 3026 -2513 3569 3342 427 -1971 -522 2596 -5 -1517 -1100 -3415 4057 1643 -4249 4041 3264 -1974 -2126 3562 2086 -2738 689 874 4481 2020 3462 -4868 -1975 162 3456 4770 1523 -2632 3001 -1801 -984 -3020 -2893 -2165 3535 -3815 -3686 -1730 21 4053 -725 -4512 1980 1432 4030 -2646 1946 3689 3727 -2657 1708 -2840 3504 -815 4762 2119 3200 291 2454 -1846 -4549 -12 1781 1747 -360 -1714 796 4760 -2281 3125 4118 4421 3554 2485 3008 2402 -4700"

export ARG505="-3030 -1389 3380 -410 2854 -4890 -652 -4004 -1002 4105 -2034 828 3159 -4308 -4556 496 1165 -222 3426 -974 4185 3161 -691 -2365 -700 3737 4755 2144 3135 -3753 -3738 343 1254 1 4506 -3077 -2646 164 -3866 4706 3537 2066 682 2104 -3026 3101 -1372 2297 3494 181 3123 3764 1274 3867 -1836 -4408 -4210 -782 -2295 2349 -1107 447 -3100 3269 1648 -2853 520 -3231 487 -470 -3916 -1346 3736 -462 2836 1107 -2386 -96 4700 -4925 -3041 -2091 -4672 3895 2821 -4516 3318 867 -4663 3538 -3541 4375 4107 4579 1122 -1411 -2418 -147 -3183 3040 -4667 -723 -4046 -3698 1419 -3167 255 -4833 -162 4483 -2066 2260 -1125 1780 3097 940 -1464 2494 832 1708 -4129 -1119 1694 -1578 -574 694 -1294 2512 -2695 -2439 2843 -1674 -1237 -3423 -1820 3400 -3033 -2532 -2492 86 2525 -792 -1950 -4548 -4026 -639 970 -4143 621 -227 3355 -2368 1351 -3477 4119 -1467 -1988 -3828 -1956 -2294 -27 3959 -3202 4471 -4839 -4966 -2067 149 -2514 -3488 4846 1730 264 -493 -2449 4735 -3771 -2168 4996 -1118 2058 -755 3289 5 -3839 2401 2569 -3495 -216 2851 -363 -509 2562 1649 -3659 -3227 -2925 -1288 -3845 -2786 2329 3673 2247 -4335 3997 1894 4972 4874 4072 679 4907 -4741 -4591 4014 -613 -1157 -1713 -1570 2959 -4424 450 -2772 -4064 -2838 2068 -4540 -951 2300 -807 3925 -173 2952 1871 -4894 3019 2786 -2084 -295 -307 880 -107 3776 3797 2633 1843 4995 4804 1178 -1385 -131 -4791 2658 -4235 3165 256 -4057 3017 2810 3182 3158 -2769 2889 -1619 2016 -4005 -4499 4360 -958 -1607 -2902 1319 -3321 3818 1210 277 3620 4530 3569 4752 -4736 -178 3255 -2063 -1946 -4387 2117 1652 -4279 1457 -546 -2857 -843 -4487 -1216 -4806 272 335 -3534 2248 6 -4170 1279 -1479 -4204 1232 -1694 3729 -2360 1524 -3936 -2229 -2007 697 -4041 569 4658 -3677 -4997 2255 -2049 3958 -3818 -4784 -1569 4611 4814 -1023 1056 -1741 -3391 534 -359 4691 3477 -4212 -1416 3584 4580 2315 -2865 -2234 -3050 -2466 3184 -4692 4803 -154 2325 2884 -3768 4268 -1399 2481 166 3579 -4685 -1848 -4832 -4407 1011 -3684 636 -3617 1272 4464 -533 2074 -3348 1746 2257 -2591 296 4992 -4513 -4229 1470 4493 -2672 -98 -1519 -1508 16 -1668 -1924 -3852 -4113 -1854 -4524 -588 -3980 1673 -1032 -3526 4495 -3737 -4504 -2560 -4149 -174 -573 2745 4586 3260 1240 -822 -2576 4681 -2726 -4676 3851 -1706 3152 2425 -200 -4536 2906 -832 4361 -401 4553 -4739 2993 -4506 2464 -3010 324 3956 2342 2521 122 1004 -3794 265 2344 467 178 3003 -630 65 3552 554 3534 -606 4970 2203 3296 2879 317 -4792 4175 -4082 1517 668 -1316 -3497 695 -2723 3793 -2123 4600 3186 3626 804 4140 -1714 -3809 -4577 -628 114 -492 -3433 -580 -3302 2881 -487 3988 -3560 -3599 -795 1632 3196 -4383 -4497 -4270 263 1320 -3084 3833 -3069 -3983 2592 2725 1043 659 -1178 -1602 1525 -4873 2898 -3162"

export ARG506="1985 -543 4143 3560 3721 -787 -902 -1994 -948 -77 4512 -207 2469 1593 -2611 831 4826 -911 1797 76 286 2908 4094 2426 2433 -3790 2980 2002 3131 -704 1878 -695 1857 -544 -4665 666 -1004 -4274 265 4095 -1603 -1981 2117 460 -4087 3723 3083 -509 -2134 -1657 3470 -1107 3012 2516 -183 -4545 -4928 -3121 4843 -576 -3189 -2033 1951 3204 2181 -3705 -2572 954 -4696 31 -3504 2717 4225 -2551 3070 1506 -4537 -3404 -4041 3320 -1872 -3325 1324 -1316 -4464 4784 818 3341 -4953 -2582 932 1668 -2879 -1391 -3763 -1909 -223 -2067 4801 4256 -1126 -1249 -1443 655 2822 -1139 -2126 3919 -4160 -2874 -3084 4053 3913 313 2520 3556 -447 -13 -4419 669 -1824 4882 1667 -1167 3849 3280 4308 -2244 -4025 -3613 -4966 1509 -491 4186 -4425 -1683 445 3865 -2332 630 -4141 4903 3366 4165 3030 1179 -3265 -3514 2323 4389 4140 2172 235 1484 475 2601 -175 -2180 -1618 902 1021 -4898 2925 -700 1666 -3590 4635 1016 2109 2894 -3267 -1241 585 -1437 4173 118 -2758 817 -3250 3832 716 4079 4724 4244 -660 -735 1219 1644 -4390 2113 -539 398 -348 3672 2715 1725 1218 -4957 -622 -4962 -1500 2604 4190 -1397 -1791 -3269 4938 -4636 2660 3080 -2262 560 4685 -2346 1085 3465 -4451 -3769 -474 -2264 3892 -2867 3098 -729 3250 -46 -672 -1599 1538 4164 68 -1428 790 -754 -1845 -862 1993 1146 -1138 4266 -2823 2025 -492 2501 1552 3118 1886 4499 685 -295 -2429 -2447 3585 1838 1956 -1877 4808 -2086 734 2956 -3729 -129 4279 787 3555 4530 580 3125 1286 3648 1388 4051 2124 -937 -3168 870 3610 2274 416 -217 2358 -134 -4323 -2520 -2676 -2564 -3780 -2868 -3307 4470 -2301 -601 4589 238 -1519 3428 -848 -2761 2873 1995 -688 4493 -265 -3011 1880 -1489 3078 264 -3955 3330 -1585 929 3344 3356 2511 2627 -1163 3812 -2347 2453 1816 4472 3037 -2928 -1829 -1588 3528 -4234 -2623 1426 -218 -2085 553 -1158 1257 252 -405 2820 -4086 -4329 1090 -3719 1067 -4792 -1000 896 4119 193 -3506 -1131 857 -696 3800 -4841 3054 89 3852 4807 710 1170 -2606 2006 -1401 3096 -4805 2909 -1977 -2857 4745 -1826 -3996 610 -1390 -4457 4755 -1491 -965 -4493 3813 3200 1651 4511 3090 -504 4708 1404 -670 -1484 -1374 2347 -854 -4947 2629 -2519 1304 3589 2788 -2463 -4011 -4634 -1557 -1771 -3125 1709 -3043 -4796 -1326 -39 1338 -4833 -623 2655 1623 -3292 418 -3728 1671 4563 4889 -1932 930 -3591 3309 -1486 -3756 4030 -3017 -4747 944 -1376 -987 212 3710 -3210 -855 3472 -1608 -4216 -692 2701 2253 -3220 1982 -3035 -4254 1420 4093 3425 2721 -2523 2122 -1348 -3772 -852 2907 -1284 1405 2403 993 -1287 -3155 -3697 4257 3360 4246 3108 3404 615 -4677 -4721 -2235 -357 -4354 -131 3937 2628 1813 -6 -874 4627 2638 -1693 -2425 875 2244 508 813 1563 -3679 2774 3508 1803 -1276 2563 -3024 -2375 2371 -3583 1625 4497"

export ARG507="3678 -91 4683 2925 2908 -4644 2968 1417 -671 -670 -1245 2778 -3081 2256 -4011 -1514 -1529 4507 -4119 -185 2881 -2270 4718 -1953 2771 313 3009 -3556 -2491 2906 265 1706 -2386 -2798 -4561 758 4224 -261 -4325 -2548 -3182 -44 -2134 -601 -941 3064 -1589 3605 825 110 -4594 2333 -2054 2165 -1113 -1602 2801 4606 677 -2626 2935 1119 -3677 -4769 3224 1713 897 797 -3083 -4568 -1281 -1691 -586 -2665 -4669 -3913 238 -746 1120 -2638 -2822 4343 1238 573 1889 3070 4787 2959 -924 2104 -3715 3577 1213 -217 114 959 -140 134 -2298 -4442 -441 -4986 2434 2955 -3724 151 2289 557 4214 1126 4910 -4935 -3609 4738 -295 2545 4027 -3469 -4411 2055 -4609 -1599 970 2226 -886 -676 3579 4965 -2961 2941 595 -2203 -1777 4309 1134 752 -3440 -2748 4388 -4373 -3235 -69 3157 1788 920 624 -849 1411 2128 -2653 -2785 4647 -3187 1379 926 3676 1476 4323 -4835 2098 2616 3574 -806 -3079 548 1222 -3525 -4998 -4748 -3477 4223 1933 -2251 -669 -998 4186 2164 -3031 2915 760 1975 -1954 887 -2590 -1876 -1466 -2042 4581 -2328 1874 -366 -3569 -72 1533 3057 -2823 113 -3343 2211 -2938 3838 1073 -2791 736 -1722 -349 4188 1330 -3952 -4122 -2902 2997 -2473 2838 3391 2615 -1510 1321 1558 819 652 -36 -1832 -3838 -105 3782 -4871 1702 -3127 2424 862 -4742 3767 2361 -4327 -752 -1296 -1500 -10 1888 -215 3379 -636 -2103 2622 -4116 -1623 -4331 1952 -4177 -1642 -2968 3669 -4351 431 203 -4475 -1542 4901 -71 2274 324 -1006 4012 -379 4359 -4852 1567 732 -2949 -2814 644 1432 4230 -2332 1720 -980 3315 -2542 -3344 -3828 3615 -842 -4733 -3856 -384 -4048 2540 -791 2114 -4750 -1521 4551 -1155 -3226 3236 -3296 2060 -4385 -3693 -1928 -2160 4533 -2086 3910 2750 1770 4515 -2935 2815 3355 -1664 -3955 1911 -3065 -3484 -3623 -438 -3898 3945 -2955 1956 2844 4696 164 -2216 1252 4130 -3548 3749 2528 -1937 -2524 2393 -1374 1761 -2568 852 -2754 -2538 -1772 1049 -895 -828 3864 807 -973 -4182 -3006 3401 -3455 -2225 -2191 -2980 734 -3917 -946 1038 -3382 1102 -3944 -727 407 -2075 -2107 1446 1046 4123 1473 -1878 -2864 -4175 -2898 -3593 4312 -1254 -1747 -1419 -542 681 4116 77 -4035 -1465 2204 4937 1962 -4610 4601 1045 2403 604 -4682 -2787 -3177 -2256 -706 3571 -3129 -3398 -2890 1969 1909 1837 205 -2099 1805 -696 -4164 -4994 -689 207 -3503 -3386 -1274 -3922 556 -248 -2167 -1441 4187 4858 586 4573 -2767 -3916 -3789 3709 -4529 1154 1145 1327 -1028 2288 -1573 3418 1468 600 -4292 -2762 -2383 2410 -904 4588 2769 3723 2122 -554 1696 -1348 -2177 235 -4508 2459 1392 2020 -2683 -2744 2100 -2862 -3077 -4858 452 -548 -3043 -1019 -1613 -2438 2737 -3761 475 -4969 -3943 -1965 -3476 4767 4682 -1078 90 1155 3003 -3675 -3286 930 4387 -3779 -2066 2359 -2940 -3259 -3428 -440 628 1206 512 2469 -385 -364 -4260 2187"

export ARG508="4862 -1948 1670 3871 3987 4848 -448 -2572 -3479 4454 2838 -762 -3200 1454 1459 -2696 -2892 -953 1434 -1892 3766 -1405 3656 3255 -1324 -3189 2233 2115 2510 -1327 3086 909 -409 -626 -2483 -2805 1064 -1100 3845 -2695 -1304 -2328 2519 1153 3986 -3005 -1602 -2988 -4707 3260 -1788 -3350 -3934 4410 -531 3375 -416 -3139 2593 -3171 -157 4384 -2611 3078 -537 1605 500 -4722 1032 979 -4597 3947 3630 2232 88 478 3864 -2707 -2405 4729 3428 -2815 -4772 1821 4059 818 -3903 3289 -4822 3310 -3736 -1543 -4177 -2191 -803 -2780 1219 4252 -4299 -2749 3733 3427 701 -3603 -674 -4424 -3752 213 -573 991 2970 -421 3430 -4 -232 3829 -25 4468 -3055 -1179 2264 -3338 -914 -4636 -2471 3164 -2620 1014 -2820 -75 894 492 -2583 -2760 3688 2630 -344 366 665 4067 1842 424 2805 -4033 2669 -1322 952 2945 3601 -1910 -1981 -2664 -4997 4747 2876 3174 -1008 1200 -3085 322 1435 -158 4504 -4072 -2708 -4759 -1087 3311 2287 -2756 4909 1659 1444 -345 3060 -1882 195 2913 -3428 221 2581 4941 -1113 4445 3825 -4185 -168 3839 3921 480 4852 -1259 570 1684 -535 2661 -3295 -2684 1198 -1344 -2279 -4987 4557 -2901 -3251 -1567 -4788 -4785 4644 3136 -1630 -2492 -3496 -3855 3557 -1866 3570 989 -4897 2819 -1965 1027 2173 -4708 -3868 -3808 2338 -1414 1712 -3230 3185 -3092 2421 -2907 -1258 288 2405 165 -2963 -3882 2700 1201 3034 -500 4522 -4845 -3561 -624 1717 -1615 24 4662 -2476 -3737 -1172 -1858 987 -2277 -2943 -2200 -1435 4783 3206 562 -2712 -773 -1868 -3349 -4511 1136 2303 -2569 2407 -792 4455 -3650 -4515 -1702 541 397 2668 -1334 -4576 2061 4475 -4941 -4990 -2735 -605 4333 2958 -743 3004 2482 -4793 377 -3040 4140 -1954 -2311 4648 4382 134 -2540 1445 -140 -1617 -4419 -1432 2124 3361 4360 -394 2015 -1897 -2539 3627 -2325 -3370 2501 4089 -951 -3757 -3592 275 -2985 601 -4527 -782 -795 -4249 113 -4504 -1079 281 3356 4731 3271 2856 -676 -55 -4365 -4174 512 -4378 3937 -33 -1731 -3770 3758 -418 4258 -4747 -3430 -4619 -3755 3025 1158 -51 1570 2564 4366 -220 4860 -1454 -1513 -3159 4458 2158 -4098 -539 -4069 -4564 2696 4461 646 4115 -1478 -2775 -1251 773 -3511 4706 1920 150 -4519 3326 -517 -526 -3374 3439 -2074 3176 -3945 -4688 4835 -4946 -1696 2450 -4287 -2443 3543 -3941 3367 -1356 4077 336 2560 2835 -1466 -456 -995 -2638 343 -3984 -2814 -572 966 -4161 -4497 184 -3802 352 776 2438 682 -2323 -1579 3161 2613 2533 -2237 -2039 -3490 3175 -1753 1290 -1208 -3583 1422 2767 -823 4496 3590 932 3929 -4748 1090 -679 1440 2907 2066 -1734 -4184 4321 -796 873 1879 2980 -1596 -3998 4427 1024 2815 -3301 4391 -877 4902 -2077 -2468 -2632 3791 -1650 -2284 1913 -1817 -3913 345 108 456 -4674 -1368 4991 4920 1544 2993 3236 3737 895 -78 2521 -761 3561 -2488 -1206 3492 2836 -3548 -4015 3435"

export ARG509="-2225 -597 -4063 2060 2634 4181 4459 3960 -3877 3142 -3703 -3393 4197 -428 4254 3794 539 3455 -4389 920 500 3055 1241 -1352 -202 1682 1210 -2231 4891 4331 12 -4426 3016 -4149 -354 4117 -810 1990 -3573 232 4238 4910 1953 -224 -4981 4674 993 -4865 -2072 -256 -4851 3978 -1036 -1892 1492 3064 2055 -4568 2134 -2648 -1090 -3198 3170 4498 414 1364 -2853 53 -245 83 2199 -496 -4687 -1648 -437 -2443 -1988 -3922 -3317 -3749 -4391 -3944 4604 -208 -4035 1068 2274 288 679 1451 2299 -4100 4678 465 -1898 -4432 3424 1888 4529 3384 2273 4085 -2226 -692 -2834 2817 -3120 -1384 -4952 475 -1286 2528 -3171 -4442 -2359 2376 -852 2023 842 -784 -2496 -601 -4070 4305 -1784 -2103 708 3136 2982 -4313 -891 -1326 -2479 -1239 -3624 -2871 -2023 4514 -3147 -4376 -2779 -103 564 4961 1546 3008 -4366 -1839 3365 -122 2897 1807 -1913 -185 -651 -4167 -2329 1474 -969 1145 -5000 -3942 4697 -1972 -2809 4856 81 -3851 -4214 1477 2317 3644 -1373 -4415 -4948 538 -199 -4243 4805 -2138 -2844 242 -3621 1409 3106 -1451 3030 3027 -123 -4813 4706 -2172 4215 2247 -756 1771 3871 -736 -108 3382 3148 607 1522 4419 -4536 3111 4292 -4155 1993 608 674 293 -1079 -2640 -324 -3813 -771 -1301 -3460 1269 -4157 1741 -1823 1330 3207 -4853 -596 -507 1877 -3562 -4129 2441 -265 3201 -2028 2114 -2102 -71 3004 -1794 1918 -435 -3321 2170 1425 -4767 -2230 4015 -3375 2656 -1919 703 -2698 3749 -4832 -4935 -2915 3119 421 3367 -1732 3552 1084 4264 -499 -2523 2138 -598 1885 3988 -2682 120 4168 -3946 -4902 -180 4368 -3642 3813 -938 -4365 3810 -3020 3701 4016 -212 4750 3104 3505 -4268 -1393 2581 -294 -3763 -2727 4748 -2969 4766 2485 -1140 1197 -4782 1651 -3312 -1302 -374 3958 -4315 -1568 4591 -2537 -3433 1155 3071 -4557 1892 1379 -1741 -4545 -168 1127 -3700 1880 -689 -3427 -4808 4826 1619 -4527 4154 -2784 -2313 -4556 1732 1142 -4693 3986 2626 3948 -887 2136 295 3947 2617 -2620 605 4632 1034 2748 -1490 1573 1486 -3412 3241 -477 -3 -2152 3210 4559 -4894 -3153 -3482 2355 -3301 -535 -523 -1724 -828 -4066 3018 908 -145 221 -2865 -4718 1739 -1996 2159 -4397 3393 2797 -4499 2671 -687 2694 2540 -1656 -1461 -2194 -227 -1947 -2304 -2058 3685 -2595 -4584 -703 -1596 2341 -792 1660 -3221 -1344 -4731 2898 -4254 -644 -3662 -4627 1625 -1213 -4134 4440 -3579 -522 1295 3841 3014 -2680 -1343 -747 3099 -890 2745 418 -4321 1114 -2283 479 3258 2064 3704 -2127 -1810 -4756 1806 4449 4409 2301 -2112 -781 3853 4025 3281 730 -947 126 4696 -3437 -3593 -2458 2200 -980 1255 1991 1012 -1809 -125 -4531 3215 -2079 -4638 2660 -2092 -1550 -1007 -1083 780 -3380 78 -4579 -175 -3401 3408 4306 2752 -127 1897 2076 1299 3107 2197 -1918 -1084 -4154 -193 302 -1086 -1854 -3500 4512 -2454 2443 -1170 2683 -2045 -3488 -3419 277 2630"

export ARG510="3544 -1614 -1674 -1584 129 -2570 -2291 1772 2287 -38 1233 -2116 4606 3401 -1513 457 -999 -1873 1505 3798 3989 -2245 3212 -2930 1621 2943 -2127 -2180 1595 1153 -4530 3449 3162 -835 -4984 -740 1127 2611 -4855 3905 -4438 4725 1978 -1926 -919 -2339 706 4846 2750 -3882 -2071 759 244 3600 2674 4589 -1449 -3095 2821 4128 3478 -4373 1817 415 -4178 -3990 -4352 -3191 2339 2529 -4978 4429 -3123 2620 -4143 3124 -4947 -379 1937 -2763 -4470 1237 -1969 1800 -2356 -713 -4955 -942 -3403 -2904 -3449 3383 4884 -3034 -1784 3278 4290 4473 4408 -4297 -1391 -2652 1146 1768 1528 3128 -4622 2780 -4834 -2823 -2308 3305 4380 4548 -4740 1280 -3324 -3991 2963 -69 1226 4703 2561 2519 3066 4149 -269 -2803 4868 -876 -2067 2209 -3560 4060 -696 2826 1671 910 -3139 -138 -449 -2284 2877 -1551 4365 2220 4104 -554 2602 3075 -3072 4903 24 2488 4102 2655 -3987 437 -4760 -3380 -2269 -2101 1125 2012 -2469 3245 1795 1199 2741 -4464 4828 -342 -2849 -4912 4260 346 4489 3057 -1872 1872 -4962 -1831 -727 3896 1281 -679 1335 584 -2716 2805 3752 -208 742 749 -4214 -3535 2407 -3939 4862 3787 -4734 2053 -4104 3431 473 -1503 -3119 4776 -1427 -2700 4468 986 -2005 -1029 1702 740 1143 -223 -2438 3912 643 -956 -3657 -4316 -3984 3123 -799 657 3168 -2194 4392 -3152 -596 -1642 -601 4912 87 2915 80 1235 -1962 2334 1911 -4899 -1346 1169 -2550 3251 179 2439 -3091 -3328 251 4876 -4829 3756 2986 4538 445 3126 1856 -1565 1357 -3048 808 4132 949 -2140 -2741 -3759 -1450 -4881 -2004 2151 -3913 -3486 4596 -2947 2491 -2487 2947 -2112 2230 3638 3454 -1380 -1500 1861 3173 3983 529 -1918 800 3760 -2579 13 -4623 -1384 1670 928 4919 1453 -3806 2157 1086 2939 2570 2727 930 -1354 2801 -2738 -3020 -3952 114 4 -3224 2550 -3042 -4247 -906 -1076 -1867 -633 3192 1683 3610 1270 -276 2251 422 3649 3367 -1403 3945 629 -2192 -4563 2757 2313 802 -1740 -4344 4474 1784 3538 3859 -3354 3959 -264 -3280 -2980 -2013 -1414 3493 -4864 -3541 -3223 -630 -1278 -880 -2710 648 -2320 -546 -686 -4994 -4612 -4245 743 4726 -1828 3530 -3942 382 4844 -1150 3930 -4512 -479 2887 -3285 -3069 -2459 -253 -4898 920 -3756 -4500 2494 260 -1467 -103 2108 2073 1119 -4566 3848 324 -3262 -1080 -2571 -3163 -143 -4835 2771 246 -4163 -4202 -4662 -3875 3122 1210 -13 3172 -2088 -4817 -2145 3079 -4766 -2200 3433 2514 -4125 -911 -3777 -882 1708 -16 -1533 4637 -567 -1239 2214 -3440 2149 3444 3299 -3886 -2083 -3721 -1836 -4323 4873 3615 -2214 2046 -2831 -3808 4252 -2543 -1620 -627 -4842 799 709 -4703 2740 4061 -3892 3717 -981 4484 2979 4309 -4401 615 -4658 789 -1679 965 705 -1919 4452 -1350 768 -1543 -3528 -770 -22 -745 4823 -1950 -4878 312 -3444 2661 -1665 -3972 4035 1844 -4765 1693 2462 2799 4790 1769 1352 4394 3924"
